===Four Player Dice===
gen=99, median: fit=0.9972500000000001;[45, 24, 35, 14, 33, 16, 8, 9, 2, 39, 22, 44, 46, 5, 38, 40, 12, 18, 34, 37, 17, 3, 25, 20, 21, 1, 31, 27, 19, 13, 43, 47, 15, 42, 7, 28, 4, 41, 6, 29, 30, 48, 23, 32, 26, 11, 10, 36]
gen=99, highest: fit=0.9987111111111111;[14, 33, 45, 24, 35, 16, 8, 9, 2, 39, 22, 44, 46, 5, 38, 40, 12, 18, 34, 37, 17, 3, 25, 20, 21, 1, 31, 27, 19, 13, 43, 47, 15, 42, 7, 28, 4, 26, 11, 32, 29, 41, 10, 6, 23, 48, 36, 30]
